/home/ley/Documents/experiment_data/position_image/i1130647.MRDC.png 0 89.0 177.0 96.0 184.0 0 115.0 177.0 121.0 183.0 0 140.0 176.0 147.0 183.0 0 89.0 199.0 96.0 206.0 0 115.0 199.0 121.0 205.0 0 141.0 198.0 147.0 205.0
/home/ley/Documents/experiment_data/position_image/i2310269.MRDC.png 1 97.0 117.0 154.0 141.0 0 95.0 115.0 101.0 121.0 0 95.0 137.0 102.0 144.0 0 122.0 114.0 128.0 120.0 0 122.0 137.0 129.0 143.0 0 149.0 114.0 155.0 120.0 0 150.0 137.0 156.0 143.0
/home/ley/Documents/experiment_data/position_image/i722975.MRDC.png 0 154.0 190.0 160.0 196.0 0 101.0 213.0 107.0 219.0 0 127.0 212.0 134.0 219.0 0 154.0 212.0 161.0 219.0 0 101.0 190.0 107.0 196.0 0 127.0 190.0 134.0 196.0
/home/ley/Documents/experiment_data/position_image/i1129729.MRDC.png 0 90.0 177.0 96.0 183.0 0 115.0 176.0 121.0 182.0 0 141.0 176.0 147.0 182.0 0 90.0 199.0 96.0 205.0 0 116.0 199.0 121.0 204.0 0 141.0 198.0 147.0 204.0
/home/ley/Documents/experiment_data/position_image/i780867.MRDC.png 0 152.0 111.0 158.0 117.0 0 152.0 120.0 158.0 125.0 0 152.0 135.0 158.0 140.0 0 125.0 111.0 131.0 116.0 0 125.0 120.0 131.0 125.0 0 125.0 135.0 130.0 140.0 0 98.0 111.0 104.0 116.0 0 98.0 119.0 103.0 124.0 0 98.0 134.0 103.0 139.0 1 100.0 113.0 156.0 139.0
/home/ley/Documents/experiment_data/position_image/i593772.MRDC.png 1 151.0 180.0 211.0 208.0 0 149.0 180.0 155.0 185.0 0 178.0 180.0 183.0 185.0 0 206.0 180.0 212.0 185.0 0 206.0 189.0 212.0 195.0 0 206.0 204.0 212.0 210.0 0 178.0 188.0 184.0 194.0 0 150.0 189.0 155.0 194.0 0 150.0 204.0 156.0 210.0 0 178.0 204.0 184.0 210.0
/home/ley/Documents/experiment_data/position_image/i595968.MRDC.png 0 94.0 177.0 100.0 183.0 0 94.0 187.0 100.0 193.0 0 122.0 177.0 128.0 182.0 0 151.0 177.0 157.0 183.0 0 122.0 187.0 128.0 193.0 0 151.0 187.0 157.0 193.0
/home/ley/Documents/experiment_data/position_image/i597076.MRDC.png 0 93.0 177.0 99.0 183.0 0 122.0 177.0 128.0 183.0 0 150.0 177.0 156.0 183.0 0 93.0 187.0 99.0 193.0 0 122.0 187.0 128.0 193.0 0 150.0 187.0 157.0 193.0 0 93.0 203.0 100.0 208.0 0 122.0 203.0 128.0 208.0 0 151.0 203.0 156.0 208.0
/home/ley/Documents/experiment_data/position_image/i2031674.MRDC.png 0 102.0 128.0 107.0 134.0 0 128.0 129.0 133.0 134.0 0 153.0 129.0 159.0 135.0 0 102.0 137.0 107.0 143.0 0 128.0 138.0 133.0 143.0 0 153.0 138.0 159.0 143.0 0 102.0 152.0 107.0 157.0 0 127.0 152.0 133.0 157.0 0 153.0 152.0 159.0 157.0
/home/ley/Documents/experiment_data/position_image/i597071.MRDC.png 0 126.0 121.0 132.0 127.0 0 98.0 122.0 103.0 127.0 0 155.0 121.0 161.0 127.0 0 155.0 145.0 161.0 151.0 0 126.0 145.0 133.0 151.0 0 98.0 145.0 104.0 151.0
/home/ley/Documents/experiment_data/position_image/i727668.MRDC.png 0 91.0 119.0 97.0 125.0 0 118.0 118.0 125.0 125.0 0 146.0 118.0 152.0 124.0 0 91.0 141.0 98.0 148.0 0 119.0 141.0 125.0 147.0 0 146.0 141.0 153.0 147.0
/home/ley/Documents/experiment_data/position_image/i593898.MRDC.png 0 102.0 176.0 107.0 182.0 0 131.0 176.0 136.0 181.0 0 159.0 176.0 165.0 181.0 0 102.0 186.0 108.0 191.0 0 131.0 186.0 136.0 191.0 0 159.0 186.0 165.0 191.0
/home/ley/Documents/experiment_data/position_image/i597079.MRDC.png 1 96.0 178.0 153.0 206.0 0 94.0 177.0 100.0 183.0 0 94.0 186.0 100.0 192.0 0 94.0 202.0 100.0 208.0 0 122.0 177.0 128.0 182.0 0 122.0 186.0 128.0 192.0 0 122.0 202.0 128.0 208.0 0 150.0 177.0 156.0 183.0 0 150.0 186.0 156.0 192.0 0 150.0 202.0 156.0 208.0
/home/ley/Documents/experiment_data/position_image/i2468512.MRDC.png 0 240.0 309.0 251.0 319.0 0 238.0 355.0 249.0 365.0 0 294.0 309.0 306.0 321.0 0 293.0 355.0 304.0 366.0 0 349.0 310.0 360.0 321.0 0 348.0 354.0 359.0 366.0
/home/ley/Documents/experiment_data/position_image/i731042.MRDC.png 0 97.0 206.0 102.0 212.0 0 123.0 206.0 129.0 212.0 0 150.0 205.0 156.0 211.0 0 150.0 183.0 155.0 188.0 0 123.0 183.0 129.0 189.0 0 96.0 183.0 103.0 189.0
/home/ley/Documents/experiment_data/position_image/i781773.MRDC.png 0 142.0 120.0 148.0 126.0 0 142.0 143.0 148.0 149.0 0 114.0 120.0 121.0 126.0 0 115.0 143.0 120.0 148.0 0 87.0 120.0 93.0 126.0 0 87.0 143.0 93.0 149.0
/home/ley/Documents/experiment_data/position_image/i725880.MRDC.png 0 105.0 162.0 112.0 169.0 0 105.0 172.0 111.0 178.0 0 105.0 187.0 110.0 192.0 0 132.0 163.0 138.0 169.0 0 131.0 172.0 138.0 179.0 0 131.0 187.0 137.0 193.0 0 158.0 164.0 164.0 170.0 0 158.0 173.0 164.0 179.0 0 158.0 188.0 163.0 193.0
/home/ley/Documents/experiment_data/position_image/i731039.MRDC.png 0 94.0 181.0 100.0 187.0 0 94.0 191.0 100.0 197.0 0 93.0 206.0 100.0 212.0 0 123.0 181.0 128.0 187.0 0 122.0 191.0 128.0 197.0 0 122.0 207.0 128.0 213.0 0 151.0 182.0 157.0 188.0 0 150.0 192.0 157.0 198.0 0 150.0 207.0 157.0 214.0
/home/ley/Documents/experiment_data/position_image/i781781.MRDC.png 0 102.0 116.0 108.0 122.0 0 130.0 116.0 135.0 121.0 0 157.0 116.0 163.0 122.0 0 157.0 126.0 163.0 131.0 0 130.0 126.0 135.0 131.0 0 102.0 126.0 108.0 131.0 0 102.0 141.0 107.0 146.0 0 130.0 141.0 135.0 146.0 0 157.0 141.0 163.0 146.0
/home/ley/Documents/experiment_data/position_image/i2765162.MRDC.png 0 97.0 117.0 102.0 123.0 0 124.0 118.0 130.0 124.0 0 152.0 119.0 157.0 125.0 0 151.0 129.0 158.0 134.0 0 124.0 128.0 130.0 133.0 0 97.0 127.0 102.0 132.0 0 96.0 142.0 101.0 147.0 0 124.0 143.0 129.0 148.0 0 151.0 144.0 157.0 150.0
/home/ley/Documents/experiment_data/position_image/i2310259.MRDC.png 0 101.0 133.0 107.0 138.0 0 101.0 143.0 107.0 149.0 0 102.0 158.0 108.0 164.0 0 128.0 132.0 134.0 138.0 0 129.0 142.0 134.0 147.0 0 129.0 157.0 135.0 163.0 0 156.0 131.0 162.0 137.0 0 156.0 141.0 162.0 146.0 0 157.0 156.0 163.0 162.0
/home/ley/Documents/experiment_data/position_image/i727664.MRDC.png 0 91.0 142.0 97.0 147.0 0 119.0 142.0 124.0 147.0 0 146.0 141.0 152.0 147.0 0 146.0 118.0 152.0 124.0 0 118.0 118.0 125.0 124.0 0 91.0 119.0 98.0 125.0 1 94.0 121.0 150.0 146.0
/home/ley/Documents/experiment_data/position_image/i593930.MRDC.png 0 102.0 177.0 107.0 182.0 0 130.0 176.0 136.0 182.0 0 159.0 176.0 164.0 182.0 0 159.0 186.0 164.0 191.0 0 159.0 202.0 165.0 207.0 0 131.0 186.0 136.0 192.0 0 131.0 202.0 136.0 208.0 0 102.0 187.0 107.0 192.0 0 102.0 202.0 107.0 208.0
/home/ley/Documents/experiment_data/position_image/i593897.MRDC.png 0 102.0 176.0 107.0 182.0 0 130.0 176.0 136.0 182.0 0 159.0 176.0 164.0 181.0 0 159.0 186.0 164.0 191.0 0 131.0 186.0 136.0 191.0 0 102.0 186.0 108.0 192.0 0 102.0 202.0 107.0 207.0 0 130.0 201.0 136.0 207.0 0 159.0 202.0 164.0 207.0
/home/ley/Documents/experiment_data/position_image/i725877.MRDC.png 0 105.0 163.0 111.0 169.0 0 132.0 164.0 137.0 169.0 0 158.0 164.0 164.0 170.0 0 105.0 172.0 110.0 177.0 0 132.0 173.0 137.0 178.0 0 158.0 173.0 164.0 179.0 0 105.0 187.0 110.0 192.0 0 131.0 187.0 137.0 193.0 0 158.0 188.0 163.0 193.0
/home/ley/Documents/experiment_data/position_image/i597078.MRDC.png 0 93.0 177.0 100.0 183.0 0 122.0 177.0 128.0 183.0 0 150.0 177.0 157.0 183.0 0 93.0 187.0 100.0 193.0 0 93.0 203.0 100.0 209.0 0 122.0 187.0 128.0 193.0 0 122.0 203.0 128.0 209.0 0 150.0 187.0 157.0 193.0 0 151.0 203.0 157.0 208.0
/home/ley/Documents/experiment_data/position_image/i1132873.MRDC.png 0 89.0 211.0 96.0 218.0 0 115.0 211.0 121.0 217.0 0 140.0 211.0 147.0 217.0 0 140.0 188.0 146.0 195.0 0 115.0 189.0 121.0 195.0 0 89.0 189.0 96.0 196.0
/home/ley/Documents/experiment_data/position_image/i2310258.MRDC.png 0 101.0 133.0 107.0 139.0 0 128.0 132.0 134.0 137.0 0 155.0 131.0 162.0 137.0 0 156.0 140.0 162.0 146.0 0 129.0 142.0 135.0 147.0 0 101.0 143.0 107.0 148.0 0 102.0 158.0 108.0 163.0 0 129.0 157.0 135.0 162.0 0 157.0 156.0 163.0 161.0
/home/ley/Documents/experiment_data/position_image/i730076.MRDC.png 0 109.0 180.0 114.0 185.0 0 108.0 190.0 114.0 195.0 0 137.0 180.0 144.0 186.0 0 137.0 190.0 144.0 196.0 0 165.0 181.0 172.0 187.0 0 165.0 191.0 172.0 197.0
/home/ley/Documents/experiment_data/position_image/i2468513.MRDC.png 0 238.0 308.0 249.0 319.0 0 293.0 308.0 305.0 320.0 0 349.0 310.0 359.0 321.0 0 238.0 354.0 249.0 365.0 0 293.0 356.0 304.0 366.0 0 348.0 357.0 359.0 368.0
/home/ley/Documents/experiment_data/position_image/i1129727.MRDC.png 0 90.0 177.0 95.0 182.0 0 115.0 176.0 121.0 182.0 0 141.0 176.0 146.0 181.0 0 141.0 197.0 147.0 203.0 0 90.0 198.0 96.0 204.0 0 116.0 198.0 121.0 204.0
/home/ley/Documents/experiment_data/position_image/i593777.MRDC.png 0 143.0 123.0 149.0 129.0 0 143.0 145.0 149.0 151.0 0 116.0 123.0 123.0 129.0 0 116.0 146.0 123.0 152.0 0 90.0 124.0 96.0 130.0 0 90.0 146.0 96.0 152.0
/home/ley/Documents/experiment_data/position_image/i725878.MRDC.png 0 105.0 163.0 111.0 169.0 0 105.0 172.0 111.0 178.0 0 105.0 187.0 110.0 192.0 0 131.0 163.0 138.0 169.0 0 132.0 173.0 137.0 178.0 0 131.0 187.0 137.0 193.0 0 158.0 164.0 164.0 170.0 0 158.0 173.0 163.0 179.0 0 158.0 188.0 163.0 193.0
/home/ley/Documents/experiment_data/position_image/i2031673.MRDC.png 0 102.0 129.0 108.0 134.0 0 128.0 129.0 133.0 134.0 0 153.0 129.0 159.0 134.0 0 102.0 137.0 108.0 143.0 0 128.0 138.0 133.0 143.0 0 153.0 138.0 159.0 143.0 0 102.0 151.0 108.0 157.0 0 128.0 152.0 133.0 157.0 0 153.0 152.0 159.0 157.0
/home/ley/Documents/experiment_data/position_image/i2031678.MRDC.png 0 154.0 129.0 159.0 134.0 0 154.0 138.0 159.0 143.0 0 128.0 128.0 134.0 134.0 0 128.0 137.0 134.0 143.0 0 103.0 129.0 108.0 133.0 0 102.0 137.0 109.0 142.0 0 102.0 150.0 108.0 156.0 0 128.0 151.0 133.0 156.0 1 105.0 130.0 157.0 154.0
/home/ley/Documents/experiment_data/position_image/i2765155.MRDC.png 0 99.0 118.0 105.0 124.0 0 126.0 118.0 132.0 124.0 0 154.0 118.0 160.0 124.0 0 99.0 141.0 105.0 147.0 0 154.0 141.0 160.0 147.0 0 126.0 141.0 133.0 147.0
/home/ley/Documents/experiment_data/position_image/i731038.MRDC.png 0 94.0 181.0 100.0 187.0 0 122.0 181.0 129.0 187.0 0 151.0 182.0 157.0 188.0 0 94.0 191.0 100.0 197.0 0 93.0 206.0 99.0 212.0 0 122.0 191.0 128.0 197.0 0 122.0 206.0 128.0 213.0 0 151.0 192.0 157.0 198.0 0 150.0 207.0 156.0 213.0
/home/ley/Documents/experiment_data/position_image/i781771.MRDC.png 0 142.0 121.0 148.0 127.0 0 115.0 121.0 120.0 126.0 0 88.0 121.0 93.0 126.0 0 88.0 142.0 94.0 148.0 0 115.0 143.0 120.0 148.0 0 142.0 143.0 148.0 148.0
/home/ley/Documents/experiment_data/position_image/i2765156.MRDC.png 0 98.0 118.0 105.0 124.0 0 126.0 118.0 132.0 124.0 0 154.0 118.0 160.0 124.0 0 99.0 141.0 105.0 147.0 0 126.0 141.0 132.0 147.0 0 154.0 140.0 160.0 146.0
/home/ley/Documents/experiment_data/position_image/i2468516.MRDC.png 0 155.0 289.0 166.0 299.0 0 155.0 309.0 166.0 318.0 0 154.0 338.0 164.0 348.0 0 211.0 292.0 221.0 301.0 0 210.0 311.0 221.0 321.0 0 209.0 342.0 219.0 351.0 0 266.0 295.0 275.0 303.0 0 266.0 314.0 275.0 323.0 0 264.0 344.0 273.0 353.0
/home/ley/Documents/experiment_data/position_image/i2310265.MRDC.png 0 94.0 114.0 101.0 121.0 0 121.0 114.0 128.0 120.0 0 149.0 114.0 156.0 120.0 0 149.0 137.0 156.0 143.0 0 122.0 137.0 128.0 143.0 0 94.0 137.0 101.0 144.0
/home/ley/Documents/experiment_data/position_image/i2310268.MRDC.png 0 94.0 115.0 101.0 121.0 0 95.0 138.0 101.0 144.0 0 122.0 115.0 128.0 120.0 0 122.0 137.0 129.0 144.0 0 150.0 114.0 156.0 120.0 0 150.0 137.0 156.0 143.0
/home/ley/Documents/experiment_data/position_image/i597074.MRDC.png 0 98.0 122.0 104.0 128.0 0 126.0 122.0 132.0 128.0 0 154.0 121.0 160.0 127.0 0 154.0 144.0 160.0 150.0 0 126.0 144.0 132.0 150.0 0 98.0 145.0 104.0 151.0 1 98.0 123.0 159.0 149.0
/home/ley/Documents/experiment_data/position_image/i781775.MRDC.png 0 87.0 120.0 93.0 126.0 0 114.0 120.0 121.0 126.0 0 142.0 120.0 148.0 126.0 0 142.0 143.0 148.0 149.0 0 114.0 143.0 121.0 149.0 0 87.0 143.0 93.0 149.0
/home/ley/Documents/experiment_data/position_image/i1132875.MRDC.png 0 158.0 170.0 164.0 174.0 0 158.0 178.0 164.0 184.0 0 158.0 193.0 164.0 198.0 0 133.0 170.0 138.0 175.0 0 132.0 179.0 138.0 184.0 0 133.0 193.0 138.0 198.0 0 107.0 170.0 113.0 175.0 0 107.0 179.0 113.0 184.0 0 107.0 193.0 113.0 198.0
/home/ley/Documents/experiment_data/position_image/i780863.MRDC.png 0 98.0 117.0 105.0 124.0 0 126.0 117.0 132.0 123.0 0 153.0 117.0 159.0 123.0 0 153.0 140.0 159.0 146.0 0 126.0 140.0 132.0 146.0 0 98.0 140.0 104.0 146.0
/home/ley/Documents/experiment_data/position_image/i2031680.MRDC.png 0 102.0 128.0 107.0 134.0 0 127.0 129.0 133.0 134.0 0 153.0 128.0 159.0 135.0 0 101.0 138.0 107.0 143.0 0 127.0 138.0 133.0 143.0 0 153.0 138.0 159.0 143.0 0 152.0 152.0 159.0 158.0 0 127.0 152.0 133.0 157.0 0 102.0 151.0 107.0 157.0
/home/ley/Documents/experiment_data/position_image/i2031677.MRDC.png 0 103.0 128.0 108.0 134.0 0 128.0 128.0 134.0 134.0 0 154.0 128.0 160.0 134.0 0 154.0 138.0 160.0 143.0 0 128.0 137.0 134.0 143.0 0 102.0 137.0 108.0 143.0
/home/ley/Documents/experiment_data/position_image/i595965.MRDC.png 0 94.0 178.0 100.0 183.0 0 122.0 177.0 128.0 183.0 0 151.0 177.0 157.0 183.0 0 94.0 187.0 100.0 193.0 0 122.0 187.0 128.0 193.0 0 151.0 187.0 157.0 193.0 0 94.0 203.0 100.0 209.0 0 122.0 203.0 128.0 209.0 0 151.0 203.0 157.0 209.0
/home/ley/Documents/experiment_data/position_image/i725890.MRDC.png 0 92.0 118.0 99.0 125.0 0 120.0 117.0 128.0 124.0 0 150.0 118.0 156.0 124.0 0 149.0 141.0 157.0 149.0 0 121.0 141.0 128.0 148.0 0 92.0 142.0 100.0 149.0
/home/ley/Documents/experiment_data/position_image/i722977.MRDC.png 0 100.0 190.0 107.0 197.0 0 127.0 190.0 133.0 196.0 0 154.0 190.0 160.0 196.0 0 101.0 213.0 107.0 219.0 0 127.0 213.0 134.0 219.0 0 154.0 213.0 160.0 219.0
/home/ley/Documents/experiment_data/position_image/i2468509.MRDC.png 0 157.0 289.0 166.0 299.0 0 212.0 292.0 222.0 301.0 0 266.0 294.0 276.0 303.0 0 266.0 314.0 276.0 323.0 0 212.0 311.0 221.0 320.0 0 157.0 309.0 166.0 318.0 0 155.0 338.0 164.0 348.0 0 210.0 341.0 220.0 350.0 0 264.0 344.0 274.0 353.0
/home/ley/Documents/experiment_data/position_image/i597075.MRDC.png 0 93.0 177.0 99.0 183.0 0 122.0 177.0 128.0 183.0 0 150.0 177.0 157.0 183.0 0 93.0 187.0 99.0 193.0 0 122.0 187.0 128.0 193.0 0 150.0 187.0 157.0 193.0 0 93.0 203.0 100.0 209.0 0 122.0 203.0 128.0 209.0 0 150.0 202.0 157.0 209.0
/home/ley/Documents/experiment_data/position_image/i725881.MRDC.png 0 105.0 163.0 111.0 168.0 0 132.0 163.0 137.0 169.0 0 158.0 164.0 164.0 169.0 0 105.0 172.0 111.0 178.0 0 105.0 187.0 110.0 192.0 0 131.0 172.0 138.0 178.0 0 131.0 187.0 137.0 193.0 0 158.0 173.0 164.0 179.0 0 158.0 188.0 163.0 193.0 1 108.0 165.0 161.0 190.0
/home/ley/Documents/experiment_data/position_image/i730084.MRDC.png 0 90.0 118.0 97.0 124.0 0 117.0 117.0 123.0 123.0 0 143.0 117.0 149.0 123.0 0 143.0 140.0 149.0 146.0 0 116.0 139.0 123.0 146.0 0 90.0 139.0 97.0 146.0 1 91.0 119.0 148.0 144.0
/home/ley/Documents/experiment_data/position_image/i593900.MRDC.png 0 150.0 121.0 156.0 127.0 0 150.0 143.0 156.0 149.0 0 123.0 121.0 129.0 126.0 0 123.0 143.0 130.0 149.0 0 97.0 121.0 103.0 127.0 0 97.0 143.0 103.0 149.0
/home/ley/Documents/experiment_data/position_image/i595967.MRDC.png 1 96.0 179.0 154.0 206.0 0 94.0 178.0 100.0 184.0 0 94.0 187.0 100.0 192.0 0 94.0 203.0 100.0 208.0 0 122.0 177.0 128.0 183.0 0 122.0 186.0 128.0 192.0 0 122.0 202.0 128.0 208.0 0 151.0 177.0 157.0 183.0 0 150.0 187.0 157.0 193.0 0 151.0 202.0 157.0 208.0
/home/ley/Documents/experiment_data/position_image/i597081.MRDC.png 0 93.0 177.0 100.0 183.0 0 122.0 176.0 128.0 182.0 0 151.0 177.0 156.0 182.0 0 93.0 187.0 100.0 193.0 0 122.0 186.0 128.0 192.0 0 151.0 187.0 156.0 192.0
/home/ley/Documents/experiment_data/position_image/i2468510.MRDC.png 0 157.0 288.0 167.0 298.0 0 211.0 291.0 222.0 301.0 0 267.0 294.0 276.0 303.0 0 266.0 314.0 276.0 323.0 0 211.0 312.0 222.0 321.0 0 157.0 309.0 167.0 318.0 0 155.0 339.0 165.0 348.0 0 210.0 342.0 220.0 351.0 0 264.0 344.0 275.0 354.0
/home/ley/Documents/experiment_data/position_image/i780873.MRDC.png 0 98.0 110.0 103.0 116.0 0 98.0 120.0 103.0 125.0 0 125.0 110.0 131.0 115.0 0 125.0 120.0 131.0 125.0 0 153.0 111.0 158.0 116.0 0 153.0 121.0 158.0 126.0
/home/ley/Documents/experiment_data/position_image/i2031682.MRDC.png 0 98.0 121.0 104.0 127.0 0 123.0 120.0 130.0 126.0 0 149.0 119.0 155.0 125.0 0 99.0 143.0 104.0 148.0 0 124.0 142.0 130.0 148.0 0 150.0 141.0 156.0 147.0
/home/ley/Documents/experiment_data/position_image/i593771.MRDC.png 0 149.0 179.0 155.0 185.0 0 178.0 179.0 184.0 185.0 0 206.0 179.0 212.0 185.0 0 206.0 189.0 212.0 195.0 0 178.0 189.0 183.0 195.0 0 149.0 189.0 155.0 195.0 0 149.0 205.0 155.0 211.0 0 178.0 205.0 184.0 211.0 0 206.0 205.0 212.0 211.0
/home/ley/Documents/experiment_data/position_image/i1129599.MRDC.png 0 106.0 168.0 111.0 173.0 0 131.0 168.0 137.0 173.0 0 157.0 168.0 162.0 173.0 0 157.0 177.0 163.0 182.0 0 132.0 177.0 137.0 182.0 0 106.0 177.0 111.0 182.0 0 106.0 191.0 112.0 197.0 0 131.0 191.0 137.0 197.0 0 157.0 191.0 163.0 197.0
/home/ley/Documents/experiment_data/position_image/i593545.MRDC.png 0 100.0 174.0 106.0 180.0 0 100.0 184.0 106.0 190.0 0 100.0 199.0 106.0 205.0 0 129.0 174.0 134.0 179.0 0 157.0 174.0 163.0 179.0 0 128.0 183.0 135.0 189.0 0 129.0 199.0 135.0 205.0 0 157.0 184.0 163.0 189.0 0 157.0 199.0 163.0 205.0
/home/ley/Documents/experiment_data/position_image/i595964.MRDC.png 0 94.0 178.0 100.0 183.0 0 122.0 177.0 128.0 183.0 0 151.0 177.0 157.0 183.0 0 94.0 188.0 100.0 194.0 0 94.0 203.0 100.0 209.0 0 122.0 187.0 128.0 193.0 0 151.0 188.0 157.0 193.0 0 122.0 203.0 128.0 209.0 0 151.0 203.0 157.0 209.0
/home/ley/Documents/experiment_data/position_image/i2468514.MRDC.png 0 349.0 310.0 359.0 321.0 0 348.0 357.0 358.0 368.0 0 292.0 308.0 304.0 320.0 0 292.0 355.0 304.0 367.0 0 237.0 309.0 250.0 321.0 0 237.0 354.0 249.0 366.0
/home/ley/Documents/experiment_data/position_image/i593902.MRDC.png 0 97.0 121.0 103.0 127.0 0 123.0 121.0 129.0 127.0 0 150.0 120.0 156.0 126.0 0 150.0 142.0 156.0 148.0 0 97.0 143.0 103.0 149.0 0 123.0 143.0 129.0 149.0
/home/ley/Documents/experiment_data/position_image/i727658.MRDC.png 0 107.0 181.0 113.0 187.0 0 106.0 191.0 113.0 197.0 0 106.0 207.0 112.0 212.0 0 135.0 181.0 142.0 187.0 0 135.0 192.0 142.0 197.0 0 135.0 207.0 141.0 213.0 0 163.0 182.0 170.0 188.0 0 163.0 192.0 170.0 198.0 0 163.0 207.0 170.0 214.0
/home/ley/Documents/experiment_data/position_image/i731045.MRDC.png 0 150.0 206.0 155.0 211.0 0 123.0 206.0 129.0 212.0 0 97.0 206.0 103.0 212.0 0 96.0 183.0 102.0 189.0 0 123.0 183.0 129.0 189.0 0 149.0 183.0 155.0 189.0
/home/ley/Documents/experiment_data/position_image/i722976.MRDC.png 0 101.0 190.0 107.0 196.0 0 101.0 213.0 108.0 219.0 0 127.0 190.0 134.0 197.0 0 127.0 213.0 134.0 219.0 0 154.0 190.0 160.0 196.0 0 154.0 213.0 161.0 219.0
/home/ley/Documents/experiment_data/position_image/i731034.MRDC.png 0 94.0 181.0 100.0 187.0 0 123.0 181.0 128.0 187.0 0 151.0 182.0 157.0 188.0 0 94.0 191.0 100.0 197.0 0 122.0 191.0 128.0 197.0 0 151.0 192.0 157.0 198.0 0 93.0 206.0 100.0 212.0 0 122.0 206.0 128.0 213.0 0 150.0 207.0 157.0 214.0
/home/ley/Documents/experiment_data/position_image/i2765164.MRDC.png 0 96.0 117.0 103.0 123.0 0 96.0 127.0 103.0 132.0 0 96.0 142.0 102.0 147.0 0 124.0 118.0 130.0 124.0 0 124.0 128.0 130.0 133.0 0 123.0 143.0 129.0 148.0 0 151.0 119.0 158.0 125.0 0 151.0 129.0 157.0 134.0 0 151.0 144.0 157.0 150.0
/home/ley/Documents/experiment_data/position_image/i731033.MRDC.png 0 94.0 180.0 100.0 187.0 0 123.0 181.0 129.0 187.0 0 151.0 182.0 157.0 188.0 0 94.0 191.0 99.0 197.0 0 93.0 206.0 100.0 213.0 0 122.0 191.0 128.0 197.0 0 122.0 207.0 128.0 213.0 0 151.0 192.0 157.0 197.0 0 150.0 208.0 156.0 214.0
/home/ley/Documents/experiment_data/position_image/i781779.MRDC.png 0 157.0 117.0 162.0 122.0 0 157.0 126.0 163.0 131.0 0 157.0 141.0 163.0 146.0 0 130.0 116.0 135.0 122.0 0 129.0 125.0 135.0 131.0 0 129.0 141.0 135.0 146.0 0 102.0 116.0 108.0 122.0 0 102.0 126.0 108.0 131.0 0 102.0 141.0 107.0 146.0
/home/ley/Documents/experiment_data/position_image/i593550.MRDC.png 0 95.0 119.0 102.0 125.0 0 122.0 119.0 128.0 124.0 0 148.0 118.0 155.0 125.0 0 149.0 141.0 155.0 147.0 0 122.0 141.0 128.0 147.0 0 95.0 141.0 102.0 147.0
/home/ley/Documents/experiment_data/position_image/i1129725.MRDC.png 0 107.0 168.0 112.0 173.0 0 133.0 168.0 138.0 173.0 0 158.0 168.0 163.0 173.0 0 107.0 177.0 112.0 182.0 0 107.0 191.0 112.0 196.0 0 133.0 191.0 138.0 195.0 0 158.0 177.0 163.0 181.0 0 158.0 191.0 163.0 196.0 0 133.0 177.0 138.0 181.0
/home/ley/Documents/experiment_data/position_image/i597077.MRDC.png 0 93.0 177.0 99.0 183.0 0 122.0 177.0 128.0 183.0 0 150.0 177.0 157.0 183.0 0 93.0 187.0 100.0 193.0 0 122.0 187.0 128.0 193.0 0 150.0 187.0 157.0 193.0 0 94.0 203.0 99.0 208.0 0 123.0 203.0 128.0 208.0 0 151.0 203.0 156.0 208.0
/home/ley/Documents/experiment_data/position_image/i2310264.MRDC.png 0 94.0 114.0 101.0 121.0 0 121.0 114.0 128.0 120.0 0 149.0 113.0 155.0 120.0 0 94.0 137.0 101.0 144.0 0 122.0 137.0 128.0 143.0 0 149.0 136.0 156.0 143.0
/home/ley/Documents/experiment_data/position_image/i2765160.MRDC.png 0 153.0 118.0 159.0 124.0 0 152.0 140.0 159.0 147.0 0 125.0 118.0 132.0 125.0 0 126.0 141.0 132.0 147.0
/home/ley/Documents/experiment_data/position_image/i725883.MRDC.png 0 105.0 163.0 111.0 168.0 0 105.0 172.0 111.0 177.0 0 131.0 163.0 138.0 168.0 0 131.0 172.0 138.0 178.0 0 158.0 164.0 165.0 169.0 0 158.0 173.0 164.0 179.0
/home/ley/Documents/experiment_data/position_image/i730072.MRDC.png 0 107.0 179.0 114.0 185.0 0 136.0 180.0 143.0 186.0 0 164.0 181.0 171.0 187.0 0 107.0 189.0 114.0 196.0 0 136.0 190.0 142.0 196.0 0 164.0 191.0 171.0 197.0 0 106.0 205.0 114.0 212.0 0 135.0 205.0 143.0 212.0 0 164.0 206.0 171.0 213.0
/home/ley/Documents/experiment_data/position_image/i1130645.MRDC.png 0 141.0 176.0 146.0 182.0 0 141.0 198.0 147.0 204.0 0 115.0 177.0 121.0 183.0 0 115.0 199.0 121.0 204.0 0 89.0 177.0 95.0 183.0 0 89.0 199.0 96.0 205.0
/home/ley/Documents/experiment_data/position_image/i2031676.MRDC.png 0 102.0 128.0 108.0 134.0 0 102.0 137.0 108.0 143.0 0 102.0 151.0 108.0 157.0 0 128.0 128.0 134.0 134.0 0 128.0 138.0 133.0 143.0 0 128.0 151.0 133.0 157.0 0 153.0 129.0 159.0 135.0 0 153.0 138.0 159.0 143.0 0 153.0 152.0 159.0 157.0
/home/ley/Documents/experiment_data/position_image/i1132871.MRDC.png 0 90.0 212.0 95.0 217.0 0 115.0 211.0 121.0 217.0 0 141.0 211.0 147.0 217.0 0 140.0 188.0 147.0 195.0 0 89.0 189.0 95.0 195.0 0 115.0 188.0 121.0 194.0
/home/ley/Documents/experiment_data/position_image/i781777.MRDC.png 0 87.0 120.0 93.0 126.0 0 114.0 120.0 120.0 126.0 0 141.0 120.0 147.0 126.0 0 141.0 142.0 148.0 149.0 0 114.0 142.0 121.0 149.0 0 87.0 142.0 94.0 149.0
/home/ley/Documents/experiment_data/position_image/i597068.MRDC.png 0 98.0 121.0 104.0 127.0 0 126.0 121.0 132.0 127.0 0 154.0 121.0 161.0 127.0 0 154.0 144.0 161.0 151.0 0 126.0 144.0 133.0 151.0 0 98.0 145.0 105.0 152.0 1 99.0 122.0 159.0 150.0
/home/ley/Documents/experiment_data/position_image/i780861.MRDC.png 0 153.0 117.0 159.0 123.0 0 153.0 139.0 159.0 145.0 0 126.0 118.0 132.0 123.0 0 126.0 140.0 132.0 146.0 0 98.0 118.0 104.0 124.0 0 98.0 140.0 104.0 146.0
/home/ley/Documents/experiment_data/position_image/i780865.MRDC.png 0 98.0 118.0 104.0 124.0 0 126.0 117.0 132.0 123.0 0 153.0 118.0 159.0 123.0 0 154.0 140.0 159.0 146.0 0 126.0 140.0 131.0 146.0 0 98.0 140.0 104.0 146.0
/home/ley/Documents/experiment_data/position_image/i2468518.MRDC.png 0 156.0 290.0 166.0 299.0 0 211.0 292.0 220.0 301.0 0 266.0 295.0 276.0 304.0 0 156.0 309.0 165.0 318.0 0 211.0 312.0 220.0 320.0 0 266.0 315.0 275.0 323.0 0 265.0 344.0 274.0 353.0 0 210.0 342.0 219.0 351.0 0 155.0 339.0 164.0 347.0
/home/ley/Documents/experiment_data/position_image/i2031679.MRDC.png 0 102.0 128.0 108.0 134.0 0 128.0 128.0 134.0 134.0 0 154.0 129.0 159.0 134.0 0 102.0 137.0 108.0 143.0 0 128.0 137.0 134.0 143.0 0 154.0 138.0 159.0 143.0
/home/ley/Documents/experiment_data/position_image/i593547.MRDC.png 0 148.0 118.0 155.0 124.0 0 149.0 140.0 155.0 146.0 0 122.0 118.0 128.0 124.0 0 122.0 140.0 128.0 147.0 0 95.0 119.0 101.0 125.0 0 95.0 141.0 101.0 147.0
/home/ley/Documents/experiment_data/position_image/i597080.MRDC.png 0 94.0 177.0 99.0 183.0 0 94.0 187.0 100.0 193.0 0 122.0 177.0 128.0 182.0 0 122.0 187.0 128.0 192.0 0 150.0 177.0 157.0 183.0 0 151.0 187.0 157.0 193.0
/home/ley/Documents/experiment_data/position_image/i731048.MRDC.png 0 97.0 183.0 102.0 189.0 0 123.0 182.0 130.0 188.0 0 150.0 182.0 155.0 188.0 0 150.0 205.0 156.0 211.0 0 123.0 205.0 130.0 211.0 0 97.0 206.0 103.0 212.0
/home/ley/Documents/experiment_data/position_image/i727661.MRDC.png 0 108.0 181.0 113.0 187.0 0 107.0 191.0 113.0 197.0 0 107.0 206.0 113.0 212.0 0 136.0 181.0 142.0 188.0 0 136.0 192.0 141.0 197.0 0 135.0 207.0 141.0 213.0 0 164.0 183.0 170.0 189.0 0 164.0 192.0 170.0 198.0 0 163.0 207.0 169.0 213.0 1 110.0 183.0 167.0 211.0
/home/ley/Documents/experiment_data/position_image/i730079.MRDC.png 0 108.0 179.0 114.0 185.0 0 136.0 180.0 143.0 186.0 0 165.0 181.0 171.0 187.0 0 107.0 189.0 114.0 195.0 0 107.0 205.0 113.0 211.0 0 136.0 190.0 143.0 196.0 0 136.0 206.0 142.0 212.0 0 165.0 191.0 170.0 197.0 0 165.0 207.0 170.0 213.0
/home/ley/Documents/experiment_data/position_image/i593896.MRDC.png 0 101.0 176.0 107.0 182.0 0 101.0 186.0 108.0 192.0 0 102.0 202.0 107.0 207.0 0 130.0 176.0 136.0 182.0 0 130.0 186.0 136.0 191.0 0 130.0 201.0 136.0 207.0 0 158.0 176.0 165.0 182.0 0 158.0 186.0 165.0 191.0 0 158.0 201.0 165.0 208.0
/home/ley/Documents/experiment_data/position_image/i2310267.MRDC.png 0 122.0 137.0 129.0 144.0 0 149.0 114.0 156.0 121.0 0 150.0 137.0 156.0 143.0 0 95.0 116.0 100.0 121.0 0 122.0 115.0 128.0 120.0 0 95.0 138.0 101.0 144.0
/home/ley/Documents/experiment_data/position_image/i731040.MRDC.png 0 94.0 181.0 100.0 186.0 0 122.0 181.0 129.0 187.0 0 150.0 182.0 157.0 188.0 0 94.0 191.0 99.0 197.0 0 122.0 191.0 129.0 197.0 0 150.0 192.0 157.0 198.0 0 93.0 206.0 99.0 213.0 0 122.0 207.0 127.0 213.0 0 150.0 208.0 157.0 214.0
/home/ley/Documents/experiment_data/position_image/i2765158.MRDC.png 0 99.0 119.0 104.0 124.0 0 99.0 141.0 105.0 147.0 0 126.0 118.0 132.0 124.0 0 126.0 141.0 132.0 147.0 0 153.0 118.0 159.0 124.0 0 153.0 141.0 160.0 147.0
/home/ley/Documents/experiment_data/position_image/i725889.MRDC.png 0 93.0 119.0 99.0 125.0 0 121.0 118.0 127.0 124.0 0 149.0 118.0 156.0 124.0 0 150.0 142.0 156.0 148.0 0 121.0 142.0 127.0 148.0 0 93.0 142.0 99.0 148.0
/home/ley/Documents/experiment_data/position_image/i781783.MRDC.png 0 102.0 116.0 108.0 122.0 0 130.0 116.0 135.0 121.0 0 157.0 117.0 162.0 122.0 0 102.0 125.0 108.0 131.0 0 129.0 125.0 135.0 131.0 0 157.0 126.0 163.0 132.0
/home/ley/Documents/experiment_data/position_image/i730077.MRDC.png 0 108.0 180.0 114.0 185.0 0 136.0 180.0 143.0 186.0 0 165.0 181.0 170.0 187.0 0 165.0 191.0 171.0 197.0 0 164.0 207.0 171.0 213.0 0 136.0 190.0 143.0 196.0 0 136.0 206.0 142.0 212.0 0 108.0 190.0 114.0 195.0 0 107.0 205.0 114.0 211.0
/home/ley/Documents/experiment_data/position_image/i725888.MRDC.png 0 92.0 118.0 99.0 125.0 0 121.0 118.0 128.0 124.0 0 149.0 118.0 156.0 124.0 0 121.0 142.0 128.0 148.0 0 92.0 142.0 99.0 149.0 0 149.0 141.0 157.0 148.0
/home/ley/Documents/experiment_data/position_image/i2310256.MRDC.png 1 103.0 132.0 161.0 160.0 0 101.0 132.0 107.0 138.0 0 102.0 142.0 108.0 148.0 0 102.0 157.0 108.0 163.0 0 129.0 131.0 135.0 137.0 0 129.0 140.0 136.0 147.0 0 130.0 156.0 135.0 161.0 0 156.0 131.0 161.0 136.0 0 156.0 140.0 162.0 146.0 0 157.0 155.0 162.0 160.0
/home/ley/Documents/experiment_data/position_image/i722979.MRDC.png 0 100.0 190.0 107.0 197.0 0 127.0 190.0 133.0 196.0 0 153.0 190.0 161.0 197.0 0 100.0 212.0 107.0 219.0 0 127.0 211.0 134.0 218.0 0 153.0 212.0 161.0 219.0
/home/ley/Documents/experiment_data/position_image/i780869.MRDC.png 0 98.0 110.0 104.0 116.0 0 125.0 111.0 131.0 116.0 0 153.0 111.0 158.0 116.0 0 153.0 121.0 158.0 126.0 0 153.0 136.0 158.0 141.0 0 125.0 120.0 131.0 126.0 0 125.0 135.0 131.0 141.0 0 98.0 120.0 103.0 125.0 0 98.0 135.0 103.0 140.0
/home/ley/Documents/experiment_data/position_image/i595966.MRDC.png 0 94.0 177.0 100.0 183.0 0 122.0 177.0 128.0 183.0 0 151.0 177.0 157.0 183.0 0 151.0 187.0 157.0 193.0 0 151.0 203.0 157.0 209.0 0 122.0 187.0 128.0 193.0 0 122.0 203.0 129.0 209.0 0 94.0 187.0 100.0 193.0 0 94.0 203.0 100.0 209.0
/home/ley/Documents/experiment_data/position_image/i2310262.MRDC.png 0 102.0 135.0 106.0 139.0 0 129.0 133.0 134.0 138.0 0 156.0 132.0 161.0 137.0 0 156.0 142.0 162.0 147.0 0 129.0 143.0 134.0 148.0 1 103.0 135.0 160.0 161.0 0 101.0 143.0 107.0 149.0 0 102.0 158.0 108.0 164.0 0 129.0 157.0 135.0 163.0 0 156.0 156.0 162.0 162.0
/home/ley/Documents/experiment_data/position_image/i722978.MRDC.png 0 101.0 213.0 107.0 219.0 0 127.0 213.0 134.0 219.0 0 154.0 213.0 160.0 219.0 0 100.0 190.0 107.0 196.0 0 127.0 190.0 133.0 196.0 0 154.0 190.0 160.0 196.0
/home/ley/Documents/experiment_data/position_image/i593773.MRDC.png 0 149.0 179.0 155.0 185.0 0 149.0 189.0 155.0 195.0 0 178.0 178.0 184.0 184.0 0 206.0 179.0 212.0 185.0 0 206.0 189.0 212.0 195.0 0 178.0 188.0 184.0 194.0
/home/ley/Documents/experiment_data/position_image/i725879.MRDC.png 0 105.0 163.0 111.0 169.0 0 105.0 172.0 111.0 178.0 0 104.0 187.0 111.0 192.0 0 131.0 163.0 138.0 169.0 0 131.0 172.0 138.0 179.0 0 130.0 186.0 138.0 193.0 0 158.0 163.0 164.0 169.0 0 158.0 173.0 164.0 179.0 0 157.0 188.0 164.0 194.0
/home/ley/Documents/experiment_data/position_image/i727660.MRDC.png 0 107.0 181.0 113.0 187.0 0 136.0 182.0 141.0 187.0 0 164.0 183.0 170.0 188.0 0 164.0 193.0 170.0 198.0 0 107.0 191.0 113.0 197.0 0 135.0 192.0 141.0 197.0 0 106.0 207.0 113.0 213.0 0 135.0 207.0 141.0 213.0 0 163.0 208.0 170.0 214.0
/home/ley/Documents/experiment_data/position_image/i727670.MRDC.png 0 92.0 119.0 98.0 125.0 0 92.0 142.0 98.0 148.0 0 118.0 119.0 125.0 125.0 0 119.0 141.0 126.0 147.0 0 146.0 119.0 152.0 125.0 0 146.0 141.0 153.0 147.0 1 94.0 122.0 150.0 145.0
/home/ley/Documents/experiment_data/position_image/i731037.MRDC.png 0 94.0 180.0 100.0 186.0 0 94.0 190.0 100.0 196.0 0 122.0 180.0 129.0 186.0 0 122.0 191.0 129.0 197.0 0 151.0 181.0 157.0 188.0 0 151.0 192.0 157.0 197.0
/home/ley/Documents/experiment_data/position_image/i731036.MRDC.png 1 97.0 182.0 154.0 211.0 0 94.0 181.0 100.0 186.0 0 122.0 181.0 129.0 187.0 0 151.0 182.0 157.0 188.0 0 150.0 191.0 157.0 197.0 0 94.0 190.0 100.0 196.0 0 122.0 190.0 129.0 197.0 0 93.0 206.0 100.0 212.0 0 121.0 206.0 128.0 212.0 0 150.0 207.0 157.0 213.0
/home/ley/Documents/experiment_data/position_image/i730074.MRDC.png 0 108.0 179.0 115.0 186.0 0 108.0 190.0 114.0 196.0 0 136.0 180.0 144.0 187.0 0 136.0 190.0 144.0 197.0 0 165.0 181.0 172.0 187.0 0 164.0 191.0 172.0 198.0
/home/ley/Documents/experiment_data/position_image/i2031675.MRDC.png 0 102.0 129.0 108.0 134.0 0 128.0 129.0 133.0 134.0 0 153.0 129.0 159.0 134.0 0 153.0 138.0 159.0 143.0 0 128.0 138.0 134.0 143.0 0 102.0 137.0 108.0 143.0 0 102.0 152.0 108.0 157.0 0 128.0 152.0 133.0 157.0 0 153.0 152.0 159.0 157.0
/home/ley/Documents/experiment_data/position_image/i730073.MRDC.png 0 108.0 180.0 114.0 185.0 0 137.0 180.0 142.0 186.0 0 165.0 182.0 171.0 187.0 0 108.0 189.0 114.0 195.0 0 107.0 205.0 114.0 211.0 0 136.0 190.0 143.0 196.0 0 165.0 191.0 171.0 197.0 0 136.0 205.0 142.0 211.0 0 164.0 206.0 170.0 212.0 1 111.0 182.0 168.0 210.0
/home/ley/Documents/experiment_data/position_image/i730078.MRDC.png 0 108.0 180.0 114.0 185.0 0 136.0 180.0 143.0 186.0 0 165.0 181.0 171.0 187.0 0 108.0 190.0 114.0 195.0 0 136.0 191.0 142.0 196.0 0 164.0 191.0 171.0 197.0 0 107.0 205.0 114.0 211.0 0 136.0 206.0 142.0 212.0 0 165.0 207.0 171.0 213.0
/home/ley/Documents/experiment_data/position_image/i725886.MRDC.png 0 92.0 118.0 99.0 125.0 0 121.0 118.0 127.0 124.0 0 149.0 118.0 156.0 124.0 0 150.0 142.0 156.0 148.0 0 121.0 142.0 127.0 148.0 0 93.0 142.0 99.0 148.0
/home/ley/Documents/experiment_data/position_image/i725884.MRDC.png 0 93.0 119.0 99.0 125.0 0 121.0 119.0 127.0 124.0 0 149.0 118.0 156.0 124.0 0 149.0 141.0 156.0 148.0 0 121.0 142.0 128.0 148.0 0 93.0 142.0 99.0 148.0
/home/ley/Documents/experiment_data/position_image/i727666.MRDC.png 1 94.0 120.0 150.0 145.0 0 91.0 120.0 97.0 125.0 0 91.0 142.0 98.0 148.0 0 118.0 119.0 125.0 124.0 0 118.0 141.0 125.0 148.0 0 146.0 119.0 152.0 124.0 0 146.0 141.0 152.0 147.0
/home/ley/Documents/experiment_data/position_image/i2765168.MRDC.png 0 97.0 117.0 103.0 122.0 0 97.0 127.0 103.0 132.0 0 125.0 118.0 131.0 123.0 0 125.0 127.0 131.0 133.0 0 152.0 119.0 158.0 124.0 0 152.0 129.0 158.0 134.0
/home/ley/Documents/experiment_data/position_image/i727669.MRDC.png 0 91.0 119.0 97.0 125.0 0 118.0 118.0 126.0 125.0 0 146.0 118.0 152.0 124.0 0 91.0 141.0 98.0 148.0 0 119.0 141.0 126.0 147.0 0 147.0 141.0 152.0 147.0
/home/ley/Documents/experiment_data/position_image/i593546.MRDC.png 1 102.0 175.0 161.0 203.0 0 100.0 174.0 106.0 180.0 0 128.0 173.0 135.0 179.0 0 156.0 173.0 162.0 179.0 0 100.0 183.0 106.0 189.0 0 100.0 198.0 107.0 205.0 0 128.0 182.0 135.0 189.0 0 128.0 198.0 135.0 204.0 0 156.0 183.0 162.0 189.0 0 157.0 198.0 163.0 204.0
/home/ley/Documents/experiment_data/position_image/i727657.MRDC.png 0 106.0 180.0 113.0 187.0 0 135.0 181.0 141.0 187.0 0 163.0 182.0 169.0 188.0 0 106.0 191.0 112.0 197.0 0 106.0 206.0 112.0 212.0 0 135.0 191.0 141.0 197.0 0 135.0 207.0 141.0 213.0 0 163.0 192.0 169.0 198.0 0 163.0 208.0 170.0 214.0
/home/ley/Documents/experiment_data/position_image/i2765166.MRDC.png 0 97.0 117.0 103.0 123.0 0 124.0 118.0 131.0 124.0 0 152.0 119.0 157.0 125.0 0 151.0 128.0 157.0 134.0 0 151.0 143.0 157.0 149.0 0 124.0 127.0 130.0 133.0 0 124.0 142.0 129.0 148.0 0 96.0 141.0 102.0 147.0 0 97.0 126.0 103.0 132.0 1 98.0 119.0 155.0 147.0
/home/ley/Documents/experiment_data/position_image/i593931.MRDC.png 0 102.0 176.0 108.0 182.0 0 131.0 176.0 136.0 181.0 0 159.0 176.0 165.0 182.0 0 102.0 186.0 108.0 192.0 0 131.0 186.0 137.0 192.0 0 159.0 186.0 165.0 192.0
/home/ley/Documents/experiment_data/position_image/i2310257.MRDC.png 0 101.0 133.0 106.0 138.0 0 101.0 142.0 107.0 148.0 0 102.0 157.0 108.0 163.0 0 128.0 131.0 134.0 137.0 0 129.0 141.0 135.0 147.0 0 129.0 156.0 136.0 162.0 0 155.0 130.0 162.0 137.0 0 156.0 140.0 162.0 146.0 0 157.0 155.0 163.0 161.0
/home/ley/Documents/experiment_data/position_image/i2468511.MRDC.png 0 157.0 289.0 168.0 299.0 0 211.0 292.0 223.0 301.0 0 266.0 295.0 276.0 304.0 0 266.0 314.0 276.0 323.0 0 212.0 312.0 221.0 320.0 0 156.0 309.0 166.0 318.0 0 156.0 339.0 166.0 348.0 0 210.0 342.0 221.0 351.0 0 265.0 344.0 275.0 354.0
/home/ley/Documents/experiment_data/position_image/i730075.MRDC.png 0 109.0 180.0 115.0 186.0 0 108.0 190.0 114.0 196.0 0 137.0 180.0 143.0 186.0 0 137.0 190.0 143.0 196.0 0 165.0 182.0 171.0 187.0 0 165.0 191.0 171.0 196.0 1 111.0 182.0 169.0 209.0
/home/ley/Documents/experiment_data/position_image/i727662.MRDC.png 0 107.0 181.0 113.0 187.0 0 136.0 182.0 142.0 187.0 0 164.0 182.0 170.0 188.0 0 107.0 191.0 113.0 196.0 0 136.0 192.0 142.0 197.0 0 164.0 193.0 170.0 198.0 1 110.0 184.0 168.0 210.0
/home/ley/Documents/experiment_data/position_image/i781785.MRDC.png 0 102.0 116.0 108.0 122.0 0 102.0 126.0 108.0 131.0 0 157.0 117.0 163.0 122.0 0 157.0 126.0 163.0 131.0
/home/ley/Documents/experiment_data/position_image/i2310263.MRDC.png 0 149.0 114.0 155.0 119.0 0 149.0 136.0 155.0 143.0 0 121.0 114.0 128.0 120.0 0 121.0 137.0 128.0 143.0 0 94.0 115.0 100.0 121.0 0 94.0 137.0 101.0 144.0
/home/ley/Documents/experiment_data/position_image/i727659.MRDC.png 0 106.0 181.0 113.0 187.0 0 135.0 181.0 142.0 188.0 0 164.0 182.0 170.0 188.0 0 106.0 191.0 113.0 197.0 0 135.0 192.0 142.0 197.0 0 164.0 193.0 169.0 198.0 0 106.0 207.0 112.0 212.0 0 135.0 208.0 141.0 213.0 0 163.0 208.0 169.0 214.0
/home/ley/Documents/experiment_data/position_image/i595969.MRDC.png 0 94.0 177.0 100.0 183.0 0 123.0 177.0 128.0 182.0 0 151.0 177.0 157.0 183.0 0 94.0 187.0 100.0 193.0 0 123.0 187.0 128.0 192.0 0 151.0 187.0 157.0 193.0
/home/ley/Documents/experiment_data/position_image/i2310260.MRDC.png 0 101.0 133.0 107.0 139.0 0 128.0 132.0 134.0 138.0 0 155.0 131.0 162.0 137.0 0 101.0 143.0 107.0 149.0 0 128.0 142.0 135.0 148.0 0 156.0 141.0 162.0 147.0 0 102.0 158.0 108.0 164.0 0 129.0 157.0 135.0 163.0 0 157.0 156.0 163.0 162.0
/home/ley/Documents/experiment_data/position_image/i727667.MRDC.png 0 91.0 119.0 97.0 125.0 0 91.0 142.0 98.0 148.0 0 118.0 118.0 125.0 124.0 0 146.0 118.0 152.0 124.0 0 118.0 141.0 125.0 148.0 0 146.0 141.0 153.0 147.0
/home/ley/Documents/experiment_data/position_image/i731035.MRDC.png 0 94.0 181.0 100.0 186.0 0 123.0 181.0 128.0 187.0 0 151.0 182.0 157.0 188.0 0 94.0 191.0 100.0 196.0 0 123.0 191.0 128.0 196.0 0 151.0 192.0 157.0 197.0
/home/ley/Documents/experiment_data/position_image/i1130643.MRDC.png 0 107.0 167.0 112.0 172.0 0 132.0 167.0 138.0 172.0 0 158.0 167.0 163.0 172.0 0 158.0 176.0 163.0 181.0 0 132.0 176.0 138.0 181.0 0 107.0 176.0 112.0 181.0
/home/ley/Documents/experiment_data/position_image/i725882.MRDC.png 0 105.0 163.0 111.0 169.0 0 131.0 162.0 138.0 169.0 0 158.0 164.0 164.0 170.0 0 105.0 172.0 111.0 177.0 0 131.0 172.0 138.0 178.0 0 158.0 173.0 164.0 179.0 1 108.0 165.0 161.0 190.0 0 105.0 186.0 110.0 191.0 0 131.0 186.0 137.0 191.0 0 157.0 187.0 163.0 193.0
/home/ley/Documents/experiment_data/position_image/i727665.MRDC.png 0 91.0 119.0 97.0 125.0 0 118.0 119.0 125.0 125.0 0 146.0 118.0 153.0 124.0 0 91.0 142.0 97.0 148.0 0 118.0 141.0 125.0 147.0 0 146.0 141.0 153.0 147.0
/home/ley/Documents/experiment_data/position_image/i2310261.MRDC.png 0 101.0 133.0 107.0 139.0 0 128.0 132.0 135.0 138.0 0 155.0 131.0 162.0 137.0 0 101.0 143.0 107.0 149.0 0 128.0 142.0 135.0 148.0 0 156.0 141.0 162.0 147.0 0 102.0 158.0 108.0 164.0 0 129.0 157.0 135.0 163.0 0 157.0 156.0 163.0 162.0
/home/ley/Documents/experiment_data/position_image/i2310266.MRDC.png 0 95.0 115.0 100.0 120.0 0 94.0 137.0 101.0 144.0 0 122.0 137.0 129.0 143.0 0 122.0 114.0 128.0 120.0 0 149.0 114.0 155.0 120.0 0 149.0 136.0 156.0 143.0 1 97.0 117.0 154.0 141.0
/home/ley/Documents/experiment_data/position_image/i593929.MRDC.png 0 101.0 176.0 108.0 182.0 0 130.0 176.0 136.0 182.0 0 158.0 176.0 165.0 182.0 0 159.0 186.0 165.0 192.0 0 130.0 186.0 136.0 192.0 0 101.0 186.0 108.0 192.0 0 102.0 202.0 107.0 208.0 0 130.0 202.0 136.0 208.0 0 159.0 202.0 165.0 208.0
/home/ley/Documents/experiment_data/position_image/i722981.MRDC.png 0 88.0 133.0 94.0 139.0 0 122.0 134.0 128.0 139.0 0 155.0 135.0 161.0 140.0 0 155.0 147.0 161.0 152.0 0 122.0 146.0 128.0 151.0 0 88.0 145.0 94.0 151.0 0 88.0 163.0 94.0 169.0 0 121.0 164.0 128.0 170.0 0 155.0 165.0 161.0 170.0
/home/ley/Documents/experiment_data/position_image/i593544.MRDC.png 0 100.0 174.0 106.0 180.0 0 100.0 184.0 106.0 190.0 0 100.0 200.0 106.0 205.0 0 129.0 174.0 134.0 179.0 0 129.0 184.0 134.0 189.0 0 129.0 200.0 134.0 205.0 0 157.0 174.0 163.0 179.0 0 157.0 184.0 163.0 189.0 0 157.0 199.0 163.0 205.0
/home/ley/Documents/experiment_data/position_image/i780871.MRDC.png 0 153.0 111.0 158.0 116.0 0 153.0 121.0 158.0 126.0 0 153.0 136.0 158.0 141.0 0 125.0 111.0 131.0 116.0 0 125.0 120.0 131.0 125.0 0 125.0 135.0 130.0 140.0 0 98.0 111.0 104.0 116.0 0 98.0 120.0 103.0 125.0 0 98.0 135.0 103.0 140.0
/home/ley/Documents/experiment_data/position_image/i727663.MRDC.png 0 107.0 181.0 114.0 187.0 0 107.0 191.0 114.0 197.0 0 136.0 182.0 142.0 187.0 0 136.0 192.0 142.0 197.0 0 164.0 183.0 170.0 188.0 0 164.0 193.0 170.0 198.0
/home/ley/Documents/experiment_data/position_image/i1130648.MRDC.png 0 89.0 199.0 96.0 206.0 0 115.0 199.0 121.0 205.0 0 141.0 199.0 147.0 205.0 0 89.0 177.0 96.0 184.0 0 115.0 177.0 121.0 183.0 0 140.0 176.0 147.0 183.0

